0,441
0,439
89,35
59,0
58,3
58,2
58,1
58,0
57,4
57,3
57,2
57,1
57,0
56,9
56,8
56,7
56,6
56,5
56,4
56,3
56,2
56,1
56,0
54,4
54,3
20,2
54,2
20,1
54,1
20,3
54,0
53,4
53,3
53,2
53,1
53,0
52,5
52,4
52,3
52,2
52,1
52,0
51,4
51,3
19,2
19,1
51,2
51,1
19,3
51,0
50,3
50,2
50,1
50,0
49,5
49,4
49,3
49,2
49,1
49,0
48,3
48,2
48,1
48,0
47,5
47,4
47,3
47,2
47,1
47,0
46,1
46,7
33,155
33,154
33,153
33,152
33,151
33,150
33,149
33,148
33,147
33,146
33,145
33,144
33,143
33,142
33,141
33,135
33,134
33,133
33,132
33,130
33,129
33,128
33,127
33,126
33,125
33,124
33,123
33,122
33,121
33,120
33,119
33,118
33,116
33,115
33,100
33,88
33,87
33,84
33,83
33,82
33,81
33,80
33,79
33,78
33,77
33,76
33,75
33,74
33,73
33,72
33,71
33,70
33,69
33,68
33,67
33,66
33,65
33,64
33,11
33,10
33,7
33,6
33,5
33,4
33,3
18,1
33,1
18,3
14,6
11,27
11,23
11,16
14,1
11,15
14,7
